x=c(64,59,60,61,54,58,56,57,65,63,55,62)
y=c(1,1,1,1,1,1,1,1,1,1,1,1)
plot(x,y,type="h",main="abundance: Bifidobacterium_adolescentis_ATCC_15703_uid58559",xlab="query_seq",ylab="hit_number")
x=c(43,65,32,34,60,25,55,54,45,37,12,23,42,57,31,71,10,59,14,62,35,20,21,40,33,22,18,68,39,70,56,24,64,66,47,58,41,73,29,44,63,46,61,15,36,9,27,26,28,72,30,16,13,17,38,11,67,69,19)
y=c(2,2,4,4,2,6,2,2,1,2,1,6,2,2,5,1,1,2,2,2,2,6,7,2,4,7,4,1,2,1,2,6,2,2,1,2,2,1,5,2,2,1,2,3,2,1,6,6,6,1,6,3,1,4,2,1,1,1,4)
plot(x,y,type="h",main="abundance: Pleurocapsa_PCC_7327_uid183006",xlab="query_seq",ylab="hit_number")
x=c(30,74,26,61,66,50,25,34,70,73,19,18,78,22,31,55,54,24,63,71,56,33,53,20,14,69,72,23,16,17,68,21,59,15,51,58,57,29,60,49,76,75,67,32,77,52,62,65,64,27,28)
y=c(2,3,3,9,8,1,3,1,7,3,3,2,1,3,2,4,4,3,9,7,4,1,2,3,1,7,7,3,1,2,8,3,6,1,1,5,4,3,9,1,1,1,8,2,1,1,9,9,9,3,3)
plot(x,y,type="h",main="abundance: Escherichia_coli_K_12_substr__MG1655_uid57779",xlab="query_seq",ylab="hit_number")
x=c(y=c(plot(x,y,type="h",main="abundance: Isosphaera_pallida_ATCC_43644_uid62207",xlab="query_seq",ylab="hit_number")
x=c(43,65,32,34,60,25,55,54,45,37,12,23,42,57,31,71,10,59,14,62,35,20,21,40,33,22,18,68,39,70,56,24,64,66,47,58,41,73,29,44,63,46,61,15,36,9,27,26,28,72,30,16,13,17,38,11,67,69,19)
y=c(2,2,4,4,2,6,2,2,1,2,1,6,2,2,5,1,1,2,2,2,2,6,7,2,4,7,4,1,2,1,2,6,2,2,1,2,2,1,5,2,2,1,2,3,2,1,6,6,6,1,6,3,1,4,2,1,1,1,4)
plot(x,y,type="h",main="abundance: Pleurocapsa_PCC_7327_uid183006",xlab="query_seq",ylab="hit_number")
x=c(64,59,60,61,54,58,56,57,65,63,55,62)
y=c(1,1,1,1,1,1,1,1,1,1,1,1)
plot(x,y,type="h",main="abundance: Bifidobacterium_adolescentis_ATCC_15703_uid58559",xlab="query_seq",ylab="hit_number")
x=c(43,65,32,34,60,25,55,54,45,37,12,23,42,57,31,71,10,59,14,62,35,20,21,40,33,22,18,68,39,70,56,24,64,66,47,58,41,73,29,44,63,46,61,15,36,9,27,26,28,72,30,16,13,17,38,11,67,69,19)
y=c(2,2,4,4,2,6,2,2,1,2,1,6,2,2,5,1,1,2,2,2,2,6,7,2,4,7,4,1,2,1,2,6,2,2,1,2,2,1,5,2,2,1,2,3,2,1,6,6,6,1,6,3,1,4,2,1,1,1,4)
plot(x,y,type="h",main="abundance: Pleurocapsa_PCC_7327_uid183006",xlab="query_seq",ylab="hit_number")
plot(x,y,type="h",main="abundance: Pleurocapsa_PCC_7327_uid183006",xlab="query_seq",ylab="hit_number")
x=c(43,65,32,34,60,25,55,54,45,37,12,23,42,57,31,71,10,59,14,62,35,20,21,40,33,22,18,68,39,70,56,24,64,66,47,58,41,73,29,44,63,46,61,15,36,9,27,26,28,72,30,16,13,17,38,11,67,69,19)
y=c(2,2,4,4,2,6,2,2,1,2,1,6,2,2,5,1,1,2,2,2,2,6,7,2,4,7,4,1,2,1,2,6,2,2,1,2,2,1,5,2,2,1,2,3,2,1,6,6,6,1,6,3,1,4,2,1,1,1,4)
plot(x,y,type="h",main="abundance: Pleurocapsa_PCC_7327_uid183006",xlab="query_seq",ylab="hit_number")
x=c(1,2,3,4,5,6,7,8,9,10,11,12,13,14,15,16,17,18,19,20,21,22,23,24,25,26,27,28,29,30,31,32,33,34,35,36,37,38,39,40,41,42,43,44,45,46,47,48,49,50,51,52,53,54,55,56,57,58,59,60,61,62,63,64,65,66,67,68,69,70,71,72,73,74,75,76,77,78,79,80)
y=c(0,0,0,0,0,0,0,0,0,0,0,0,0,0,0,0,0,0,0,0,0,0,0,0,0,0,0,0,0,0,0,0,0,0,0,0,0,0,0,0,0,0,0,0,0,0,0,0,0,0,0,0,0,0,1,1,1,1,1,1,1,1,1,1,1,1,0,0,0,0,0,0,0,0,0,0,0,0,0,0)
plot(x,y,type="h",main="abundance: Bifidobacterium_adolescentis_ATCC_15703_uid58559",xlab="query_seq",ylab="hit_number")
