x=c(59,57,55,54,63,58,62,60,61,66,53,56,64,65)
y=c(1,1,1,1,1,1,1,1,1,1,1,1,1,1)
plot(x,y,type="h",main="abundance: Belnapia_sp.F-4-1",xlab="query_seq",ylab="hit_number")
x=c(1,2,3,4,5,6,7,8,9,10,11,12,13,14,15,16,17,18,19,20,21,22,23,24,25,26,27,28,29,30,31,32,33,34,35,36,37,38,39,40,41,42,43,44,45,46,47,48,49,50,51,52,53,54,55,56,57,58,59,60,61,62,63,64,65,66,67,68,69,70,71,72,73,74,75,76,77,78,79,80)
y=c(0,0,0,0,0,0,0,0,0,0,0,0,0,0,0,0,0,0,0,0,0,0,0,0,0,0,0,0,0,0,0,0,0,0,0,0,0,0,0,0,0,0,0,0,0,0,0,0,0,0,0,0,0,1,1,1,1,1,1,1,1,1,1,1,1,1,1,0,0,0,0,0,0,0,0,0,0,0,0,0)
plot(x,y,type="h",main="abundance: Belnapia_sp.F-4-1",xlab="query_seq",ylab="hit_number")
x=c(1,2,3,4,5,6,7,8,9,10,11,12,13,14,15,16,17,18,19,20,21,22,23,24,25,26,27,28,29,30,31,32,33,34,35,36,37,38,39,40,41,42,43,44,45,46,47,48,49,50,51,52,53,54,55,56,57,58,59,60,61,62,63,64,65,66,67,68,69,70,71,72,73,74,75,76,77,78,79,80)
y=c(0,0,0,0,0,0,0,0,0,0,0,0,0,0,0,0,0,0,0,0,0,0,0,0,0,0,0,0,0,0,0,0,0,0,0,0,0,0,0,0,0,0,0,0,0,0,0,0,0,0,0,0,0,0,0,0,0,0,0,0,0,0,0,0,0,0,0,0,0,0,0,0,0,0,0,0,0,0,0,0)
plot(x,y,type="h",main="abundance: Isosphaera_pallida_ATCC_43644_uid62207",xlab="query_seq",ylab="hit_number")
x=c(1,2,3,4,5,6,7,8,9,10,11,12,13,14,15,16,17,18,19,20,21,22,23,24,25,26,27,28,29,30,31,32,33,34,35,36,37,38,39,40,41,42,43,44,45,46,47,48,49,50,51,52,53,54,55,56,57,58,59,60,61,62,63,64,65,66,67,68,69,70,71,72,73,74,75,76,77,78,79,80)
y=c(0,0,0,1,2,2,2,2,3,3,3,3,4,4,5,6,8,13,14,14,14,14,13,13,14,13,13,13,13,13,12,5,4,4,5,4,4,4,4,4,4,4,5,5,6,5,6,5,4,4,4,4,5,10,13,19,26,31,33,33,33,34,34,36,37,39,36,34,32,27,26,19,18,14,13,11,11,9,7,6)
plot(x,y,type="h",main="abundance: Bacillus_megaterium_DSM319_uid48371",xlab="query_seq",ylab="hit_number")
